function [cm_data]=PRGn(m)

cm = ...
  [0.25098039215686274 0 0.29411764705882354;
   0.25928489042675895 0.0064590542099192613 0.3027297193387159;
   0.26758938869665511 0.012918108419838523 0.31134179161860825;
   0.27589388696655132 0.019377162629757784 0.31995386389850056;
   0.28419838523644753 0.025836216839677045 0.32856593617839291;
   0.29250288350634374 0.032295271049596307 0.33717800845828527;
   0.30080738177623989 0.038754325259515568 0.34579008073817763;
   0.3091118800461361 0.045213379469434836 0.35440215301807;
   0.31741637831603231 0.051672433679354091 0.36301422529796235;
   0.32572087658592852 0.058131487889273359 0.37162629757785465;
   0.33402537485582467 0.064590542099192613 0.380238369857747;
   0.34232987312572088 0.071049596309111882 0.38885044213763936;
   0.35063437139561709 0.077508650519031136 0.39746251441753166;
   0.35893886966551325 0.08396770472895039 0.406074586697424;
   0.36724336793540946 0.090426758938869672 0.41468665897731638;
   0.37554786620530567 0.096885813148788927 0.42329873125720874;
   0.38385236447520188 0.10334486735870818 0.4319108035371011;
   0.39215686274509803 0.10980392156862745 0.44052287581699345;
   0.40046136101499424 0.11626297577854672 0.44913494809688581;
   0.40876585928489045 0.12272202998846597 0.45774702037677817;
   0.41707035755478661 0.12918108419838523 0.46635909265667047;
   0.42537485582468282 0.13564013840830449 0.47497116493656277;
   0.43367935409457903 0.14209919261822376 0.48358323721645519;
   0.44198385236447524 0.14855824682814303 0.49219530949634749;
   0.45028835063437145 0.15501730103806227 0.50080738177623985;
   0.4585928489042676 0.16147635524798154 0.5094194540561322;
   0.46543637062668208 0.1700884275278739 0.51680123029604;
   0.47081891580161478 0.18085351787773934 0.522952710495963;
   0.47620146097654747 0.19161860822760476 0.5291041906958861;
   0.48158400615148023 0.20238369857747021 0.53525567089580928;
   0.48696655132641292 0.21314878892733563 0.54140715109573234;
   0.49234909650134567 0.22391387927720108 0.54755863129565552;
   0.49773164167627837 0.23467896962706652 0.55371011149557858;
   0.503114186851211 0.24544405997693186 0.55986159169550165;
   0.50849673202614376 0.25620915032679736 0.56601307189542482;
   0.51387927720107651 0.26697424067666281 0.57216455209534789;
   0.51926182237600926 0.27773933102652826 0.578316032295271;
   0.5246443675509419 0.28850442137639365 0.584467512495194;
   0.53002691272587465 0.29926951172625915 0.5906189926951172;
   0.53540945790080741 0.31003460207612454 0.59677047289504026;
   0.54079200307574 0.32079969242599005 0.60292195309496344;
   0.5461745482506728 0.33156478277585538 0.6090734332948865;
   0.55155709342560555 0.34232987312572088 0.61522491349480968;
   0.5569396386005383 0.35309496347558633 0.62137639369473274;
   0.56232218377547094 0.36386005382545172 0.62752787389465581;
   0.56770472895040358 0.37462514417531712 0.63367935409457887;
   0.57308727412533644 0.38539023452518262 0.639830834294502;
   0.57846981930026908 0.39615532487504806 0.64598231449442522;
   0.58385236447520183 0.40692041522491351 0.65213379469434829;
   0.58923490965013448 0.4176855055747789 0.65828527489427135;
   0.59461745482506723 0.42845059592464441 0.66443675509419453;
   0.6 0.4392156862745098 0.6705882352941176;
   0.60630526720492117 0.44736639753940793 0.67612456747404837;
   0.61261053440984226 0.45551710880430596 0.68166089965397914;
   0.61891580161476356 0.46366782006920415 0.68719723183391;
   0.62522106881968464 0.47181853133410223 0.69273356401384079;
   0.63152633602460584 0.47996924259900037 0.69826989619377156;
   0.637831603229527 0.48811995386389839 0.70380622837370233;
   0.64413687043444823 0.49627066512879658 0.70934256055363321;
   0.65044213763936942 0.50442137639369466 0.714878892733564;
   0.65674740484429062 0.51257208765859286 0.72041522491349474;
   0.6630526720492117 0.52072279892349083 0.72595155709342551;
   0.66935793925413289 0.528873510188389 0.73148788927335628;
   0.67566320645905409 0.53702422145328721 0.73702422145328716;
   0.68196847366397528 0.54517493271818529 0.74256055363321793;
   0.68827374086889648 0.55332564398308337 0.7480968858131487;
   0.69457900807381756 0.56147635524798134 0.75363321799307947;
   0.70088427527873887 0.56962706651287964 0.75916955017301035;
   0.70718954248366006 0.57777777777777772 0.76470588235294112;
   0.71349480968858126 0.5859284890426758 0.77024221453287189;
   0.71980007689350245 0.59407920030757388 0.77577854671280266;
   0.72610534409842353 0.60222991157247208 0.78131487889273354;
   0.73241061130334473 0.61038062283737016 0.78685121107266431;
   0.73871587850826592 0.61853133410226824 0.79238754325259508;
   0.745021145713187 0.62668204536716621 0.79792387543252574;
   0.75132641291810831 0.63483275663206451 0.80346020761245662;
   0.75763168012302951 0.64298346789696259 0.8089965397923875;
   0.76362937331795455 0.65067281814686651 0.81368704344482889;
   0.76931949250288345 0.65790080738177614 0.8175317185697808;
   0.77500961168781224 0.66512879661668578 0.8213763936947327;
   0.78069973087274114 0.67235678585159553 0.82522106881968471;
   0.78638985005767 0.67958477508650517 0.82906574394463661;
   0.79207996924259882 0.68681276432141469 0.83291041906958851;
   0.79777008842752783 0.69404075355632444 0.83675509419454053;
   0.80346020761245662 0.70126874279123408 0.84059976931949243;
   0.80915032679738552 0.70849673202614372 0.84444444444444444;
   0.81484044598231442 0.71572472126105346 0.84828911956939634;
   0.82053056516724332 0.7229527104959631 0.85213379469434825;
   0.82622068435217222 0.73018069973087274 0.85597846981930026;
   0.831910803537101 0.73740868896578238 0.85982314494425216;
   0.83760092272202991 0.7446366782006919 0.86366782006920406;
   0.8432910419069588 0.75186466743560165 0.86751249519415607;
   0.8489811610918877 0.75909265667051129 0.871357170319108;
   0.8546712802768166 0.766320645905421 0.87520184544406;
   0.86036139946174539 0.77354863514033068 0.87904652056901189;
   0.86605151864667429 0.78077662437524031 0.88289119569396379;
   0.87174163783160319 0.78800461361015 0.88673587081891581;
   0.87743175701653209 0.79523260284505959 0.89058054594386771;
   0.88312187620146088 0.80246059207996923 0.89442522106881961;
   0.88881199538638977 0.80968858131487886 0.89826989619377162;
   0.89450211457131867 0.81691657054978861 0.90211457131872352;
   0.90019223375624757 0.82414455978469825 0.90595924644367554;
   0.90588235294117647 0.83137254901960789 0.90980392156862744;
   0.90834294502114576 0.83675509419454064 0.9121107266435986;
   0.910803537101115 0.84213763936947328 0.91441753171856976;
   0.91326412918108424 0.847520184544406 0.91672433679354093;
   0.91572472126105342 0.85290272971933867 0.91903114186851209;
   0.91818531334102271 0.85828527489427142 0.92133794694348325;
   0.92064590542099189 0.86366782006920417 0.92364475201845442;
   0.92310649750096119 0.86905036524413692 0.92595155709342558;
   0.92556708958093037 0.87443291041906956 0.92825836216839674;
   0.92802768166089966 0.87981545559400232 0.93056516724336791;
   0.93048827374086884 0.88519800076893507 0.93287197231833907;
   0.93294886582083814 0.89058054594386782 0.93517877739331023;
   0.93540945790080732 0.89596309111880035 0.9374855824682814;
   0.93787004998077661 0.90134563629373321 0.93979238754325256;
   0.9403306420607459 0.906728181468666 0.94209919261822372;
   0.94279123414071508 0.9121107266435986 0.94440599769319489;
   0.94525182622068438 0.91749327181853135 0.946712802768166;
   0.94771241830065356 0.9228758169934641 0.94901960784313721;
   0.95017301038062285 0.92825836216839674 0.95132641291810838;
   0.952633602460592 0.9336409073433295 0.95363321799307954;
   0.95509419454056133 0.93902345251826214 0.9559400230680507;
   0.95755478662053051 0.94440599769319489 0.95824682814302187;
   0.9600153787004998 0.94978854286812764 0.960553633217993;
   0.96247597078046909 0.95517108804306039 0.96286043829296419;
