function [cm_data]=RdBu(m)

cm = ...
  [0.403921568627451 0 0.12156862745098039;
   0.41545559400230681 0.0036908881199538639 0.12341407151095732;
   0.42698961937716262 0.0073817762399077278 0.12525951557093426;
   0.43852364475201844 0.011072664359861591 0.12710495963091117;
   0.45005767012687425 0.014763552479815456 0.12895040369088812;
   0.46159169550173013 0.01845444059976932 0.13079584775086506;
   0.47312572087658594 0.022145328719723183 0.132641291810842;
   0.48465974625144176 0.025836216839677049 0.13448673587081891;
   0.49619377162629758 0.029527104959630911 0.13633217993079585;
   0.50772779700115345 0.033217993079584777 0.13817762399077277;
   0.51926182237600926 0.03690888119953864 0.14002306805074971;
   0.53079584775086508 0.0405997693194925 0.14186851211072665;
   0.5423298731257209 0.044290657439446365 0.14371395617070359;
   0.55386389850057671 0.047981545559400228 0.14555940023068051;
   0.56539792387543253 0.0516724336793541 0.14740484429065745;
   0.57693194925028835 0.05536332179930796 0.14925028835063436;
   0.58846597462514416 0.059054209919261823 0.15109573241061131;
   0.6 0.062745098039215685 0.15294117647058825;
   0.61153402537485579 0.066435986159169555 0.15478662053056519;
   0.62306805074971161 0.070126874279123411 0.1566320645905421;
   0.63460207612456743 0.07381776239907728 0.15847750865051904;
   0.64613610149942324 0.077508650519031136 0.16032295271049596;
   0.65767012687427906 0.081199538638985 0.1621683967704729;
   0.669204152249135 0.084890426758938875 0.16401384083044984;
   0.68073817762399069 0.088581314878892731 0.16585928489042678;
   0.69227220299884662 0.092272202998846586 0.1677047289504037;
   0.70080738177623991 0.099653979238754326 0.17124183006535948;
   0.70634371395617068 0.11072664359861592 0.17647058823529413;
   0.71188004613610145 0.12179930795847752 0.18169934640522878;
   0.71741637831603222 0.13287197231833911 0.1869281045751634;
   0.7229527104959631 0.14394463667820068 0.19215686274509805;
   0.72848904267589387 0.15501730103806227 0.1973856209150327;
   0.73402537485582464 0.16608996539792387 0.20261437908496732;
   0.73956170703575541 0.17716262975778541 0.20784313725490194;
   0.74509803921568629 0.18823529411764706 0.21307189542483659;
   0.75063437139561706 0.19930795847750865 0.21830065359477124;
   0.75617070357554783 0.21038062283737025 0.22352941176470587;
   0.7617070357554786 0.22145328719723176 0.22875816993464049;
   0.76724336793540948 0.23252595155709341 0.23398692810457516;
   0.77277970011534025 0.243598615916955 0.23921568627450979;
   0.778316032295271 0.25467128027681663 0.24444444444444444;
   0.78385236447520179 0.26574394463667811 0.24967320261437903;
   0.78938869665513267 0.27681660899653981 0.25490196078431371;
   0.79492502883506344 0.28788927335640135 0.26013071895424833;
   0.80046136101499421 0.298961937716263 0.265359477124183;
   0.805997693194925 0.31003460207612449 0.27058823529411757;
   0.81153402537485586 0.32110726643598619 0.27581699346405231;
   0.81707035755478663 0.33217993079584773 0.28104575163398693;
   0.8226066897347174 0.34325259515570933 0.28627450980392155;
   0.82814302191464817 0.35432525951557087 0.29150326797385617;
   0.833679354094579 0.36539792387543252 0.29673202614379085;
   0.83921568627450982 0.37647058823529411 0.30196078431372547;
   0.84382929642445215 0.38708189158016149 0.31011149557862361;
   0.84844290657439447 0.39769319492502875 0.31826220684352163;
   0.8530565167243368 0.40830449826989618 0.32641291810841983;
   0.85767012687427913 0.41891580161476355 0.33456362937331791;
   0.86228373702422145 0.42952710495963087 0.34271434063821604;
   0.86689734717416378 0.44013840830449813 0.35086505190311407;
   0.87151095732410611 0.45074971164936561 0.35901576316801226;
   0.87612456747404843 0.46136101499423293 0.36716647443291039;
   0.88073817762399076 0.47197231833910031 0.37531718569780848;
   0.88535178777393309 0.48258362168396757 0.38346789696270656;
   0.88996539792387541 0.493194925028835 0.39161860822760469;
   0.89457900807381774 0.50380622837370237 0.39976931949250283;
   0.89919261822376007 0.51441753171856974 0.40792003075740091;
   0.90380622837370239 0.52502883506343712 0.41607074202229904;
   0.90841983852364472 0.53564013840830427 0.424221453287197;
   0.913033448673587 0.54625144175317175 0.43237216455209526;
   0.91764705882352937 0.55686274509803912 0.44052287581699334;
   0.9222606689734717 0.5674740484429065 0.44867358708189148;
   0.926874279123414 0.57808535178777387 0.45682429834678961;
   0.93148788927335635 0.58869665513264113 0.4649750096116877;
   0.93610149942329868 0.59930795847750851 0.47312572087658578;
   0.940715109573241 0.60991926182237588 0.48127643214148391;
   0.94532871972318333 0.62053056516724314 0.48942714340638194;
   0.94994232987312566 0.63114186851211063 0.49757785467128013;
   0.954555940023068 0.641753171856978 0.50572856593617821;
   0.95755478662053062 0.65121107266435974 0.515109573241061;
   0.95893886966551334 0.659515570934256 0.52572087658592837;
   0.960322952710496 0.66782006920415216 0.53633217993079563;
   0.96170703575547867 0.67612456747404837 0.546943483275663;
   0.96309111880046139 0.68442906574394458 0.55755478662053037;
   0.96447520184544411 0.69273356401384067 0.56816608996539764;
   0.96585928489042683 0.701038062283737 0.57877739331026512;
   0.96724336793540944 0.70934256055363309 0.58938869665513249;
   0.96862745098039216 0.7176470588235293 0.59999999999999987;
   0.97001153402537488 0.72595155709342551 0.61061130334486724;
   0.9713956170703576 0.73425605536332172 0.62122260668973461;
   0.97277970011534032 0.74256055363321793 0.631833910034602;
   0.97416378316032293 0.75086505190311414 0.64244521337946936;
   0.97554786620530565 0.75916955017301024 0.65305651672433651;
   0.97693194925028837 0.76747404844290656 0.66366782006920411;
   0.97831603229527109 0.77577854671280266 0.67427912341407148;
   0.97970011534025381 0.78408304498269887 0.68489042675893885;
   0.98108419838523653 0.79238754325259508 0.69550173010380623;
   0.98246828143021914 0.80069204152249129 0.7061130334486736;
   0.98385236447520186 0.8089965397923875 0.71672433679354086;
   0.98523644752018458 0.81730103806228371 0.72733564013840835;
   0.9866205305651673 0.8256055363321797 0.7379469434832755;
   0.98800461361015 0.833910034602076 0.748558246828143;
   0.98938869665513263 0.84221453287197223 0.75916955017301035;
   0.99077277970011535 0.85051903114186844 0.76978085351787773;
   0.99215686274509807 0.85882352941176465 0.7803921568627451;
   0.99123414071510962 0.86312956555171083 0.78777393310265287;
   0.99031141868512118 0.867435601691657 0.79515570934256052;
   0.98938869665513263 0.87174163783160319 0.80253748558246829;
   0.98846597462514418 0.87604767397154926 0.809919261822376;
   0.98754325259515574 0.88035371011149555 0.81730103806228371;
   0.9866205305651673 0.88465974625144173 0.82468281430219148;
   0.98569780853517874 0.8889657823913879 0.83206459054209925;
   0.9847750865051903 0.89327181853133408 0.8394463667820069;
   0.98385236447520186 0.89757785467128026 0.84682814302191467;
   0.98292964244521341 0.90188389081122644 0.85420991926182244;
   0.982006920415225 0.90618992695117262 0.86159169550173009;
   0.98108419838523653 0.91049596309111869 0.86897347174163775;
   0.980161476355248 0.914801999231065 0.87635524798154552;
   0.97923875432525953 0.91910803537101116 0.88373702422145328;
   0.97831603229527109 0.92341407151095733 0.891118800461361;
   0.97739331026528264 0.92772010765090351 0.89850057670126871;
   0.97647058823529409 0.93202614379084969 0.90588235294117647;
   0.97554786620530565 0.93633217993079587 0.91326412918108424;
   0.9746251441753172 0.940638216070742 0.92064590542099189;
   0.97370242214532876 0.94494425221068812 0.92802768166089955;
   0.97277970011534021 0.94925028835063441 0.93540945790080743;
   0.97185697808535176 0.95355632449058059 0.94279123414071508;
   0.97093425605536332 0.95786236063052677 0.95017301038062285;
